2L:0..100000      	0.00      	0.00      	0.00      
2L:100000..200000      	0.00      	0.00      	0.00      
2L:200000..300000      	0.00      	0.00      	1.89      
2L:300000..400000      	1.89      	1.92      	1.95      
2L:400000..500000      	1.95      	1.98      	2.01      
2L:500000..600000      	2.01      	2.04      	2.07      
2L:600000..700000      	2.07      	2.10      	2.13      
2L:700000..800000      	2.13      	2.16      	2.19      
2L:800000..900000      	2.19      	2.22      	2.25      
2L:900000..1000000      	2.25      	2.28      	2.31      
2L:1000000..1100000      	2.31      	2.34      	2.36      
2L:1100000..1200000      	2.36      	2.39      	2.42      
2L:1200000..1300000      	2.42      	2.45      	2.48      
2L:1300000..1400000      	2.48      	2.50      	2.53      
2L:1400000..1500000      	2.53      	2.56      	2.58      
2L:1500000..1600000      	2.58      	2.61      	2.64      
2L:1600000..1700000      	2.64      	2.66      	2.69      
2L:1700000..1800000      	2.69      	2.71      	2.74      
2L:1800000..1900000      	2.74      	2.76      	2.79      
2L:1900000..2000000      	2.79      	2.81      	2.84      
2L:2000000..2100000      	2.84      	2.86      	2.88      
2L:2100000..2200000      	2.88      	2.91      	2.93      
2L:2200000..2300000      	2.93      	2.96      	2.98      
2L:2300000..2400000      	2.98      	3.00      	3.02      
2L:2400000..2500000      	3.02      	3.05      	3.07      
2L:2500000..2600000      	3.07      	3.09      	3.11      
2L:2600000..2700000      	3.11      	3.13      	3.16      
2L:2700000..2800000      	3.16      	3.18      	3.20      
2L:2800000..2900000      	3.20      	3.22      	3.24      
2L:2900000..3000000      	3.24      	3.26      	3.28      
2L:3000000..3100000      	3.28      	3.30      	3.32      
2L:3100000..3200000      	3.32      	3.34      	3.36      
2L:3200000..3300000      	3.36      	3.38      	3.40      
2L:3300000..3400000      	3.40      	3.42      	3.43      
2L:3400000..3500000      	3.43      	3.45      	3.47      
2L:3500000..3600000      	3.47      	3.49      	3.51      
2L:3600000..3700000      	3.51      	3.52      	3.54      
2L:3700000..3800000      	3.54      	3.56      	3.57      
2L:3800000..3900000      	3.57      	3.59      	3.61      
2L:3900000..4000000      	3.61      	3.62      	3.64      
2L:4000000..4100000      	3.64      	3.66      	3.67      
2L:4100000..4200000      	3.67      	3.69      	3.70      
2L:4200000..4300000      	3.70      	3.72      	3.73      
2L:4300000..4400000      	3.73      	3.75      	3.76      
2L:4400000..4500000      	3.76      	3.77      	3.79      
2L:4500000..4600000      	3.79      	3.80      	3.82      
2L:4600000..4700000      	3.82      	3.83      	3.84      
2L:4700000..4800000      	3.84      	3.86      	3.87      
2L:4800000..4900000      	3.87      	3.88      	3.89      
2L:4900000..5000000      	3.89      	3.90      	3.92      
2L:5000000..5100000      	3.92      	3.93      	3.94      
2L:5100000..5200000      	3.94      	3.95      	3.96      
2L:5200000..5300000      	3.96      	3.97      	3.98      
2L:5300000..5400000      	3.98      	3.99      	4.00      
2L:5400000..5500000      	4.00      	4.01      	4.02      
2L:5500000..5600000      	4.02      	4.03      	4.04      
2L:5600000..5700000      	4.04      	4.05      	4.06      
2L:5700000..5800000      	4.06      	4.07      	4.08      
2L:5800000..5900000      	4.08      	4.09      	4.09      
2L:5900000..6000000      	4.09      	4.10      	4.11      
2L:6000000..6100000      	4.11      	4.12      	4.12      
2L:6100000..6200000      	4.12      	4.13      	4.14      
2L:6200000..6300000      	4.14      	4.14      	4.15      
2L:6300000..6400000      	4.15      	4.16      	4.16      
2L:6400000..6500000      	4.16      	4.17      	4.17      
2L:6500000..6600000      	4.17      	4.18      	4.18      
2L:6600000..6700000      	4.18      	4.19      	4.19      
2L:6700000..6800000      	4.19      	4.20      	4.20      
2L:6800000..6900000      	4.20      	4.21      	4.21      
2L:6900000..7000000      	4.21      	4.21      	4.22      
2L:7000000..7100000      	4.22      	4.22      	4.22      
2L:7100000..7200000      	4.22      	4.23      	4.23      
2L:7200000..7300000      	4.23      	4.23      	4.23      
2L:7300000..7400000      	4.23      	4.23      	4.24      
2L:7400000..7500000      	4.24      	4.24      	4.24      
2L:7500000..7600000      	4.24      	4.24      	4.24      
2L:7600000..7700000      	4.24      	4.24      	4.24      
2L:7700000..7800000      	4.24      	4.24      	4.24      
2L:7800000..7900000      	4.24      	4.24      	4.24      
2L:7900000..8000000      	4.24      	4.24      	4.24      
2L:8000000..8100000      	4.24      	4.24      	4.24      
2L:8100000..8200000      	4.24      	4.24      	4.24      
2L:8200000..8300000      	4.24      	4.23      	4.23      
2L:8300000..8400000      	4.23      	4.23      	4.23      
2L:8400000..8500000      	4.23      	4.22      	4.22      
2L:8500000..8600000      	4.22      	4.22      	4.22      
2L:8600000..8700000      	4.22      	4.21      	4.21      
2L:8700000..8800000      	4.21      	4.20      	4.20      
2L:8800000..8900000      	4.20      	4.20      	4.19      
2L:8900000..9000000      	4.19      	4.19      	4.18      
2L:9000000..9100000      	4.18      	4.18      	4.17      
2L:9100000..9200000      	4.17      	4.17      	4.16      
2L:9200000..9300000      	4.16      	4.15      	4.15      
2L:9300000..9400000      	4.15      	4.14      	4.13      
2L:9400000..9500000      	4.13      	4.13      	4.12      
2L:9500000..9600000      	4.12      	4.11      	4.11      
2L:9600000..9700000      	4.11      	4.10      	4.09      
2L:9700000..9800000      	4.09      	4.08      	4.07      
2L:9800000..9900000      	4.07      	4.06      	4.06      
2L:9900000..10000000      	4.06      	4.05      	4.04      
2L:10000000..10100000      	4.04      	4.03      	4.02      
2L:10100000..10200000      	4.02      	4.01      	4.00      
2L:10200000..10300000      	4.00      	3.99      	3.98      
2L:10300000..10400000      	3.98      	3.97      	3.96      
2L:10400000..10500000      	3.96      	3.95      	3.93      
2L:10500000..10600000      	3.93      	3.92      	3.91      
2L:10600000..10700000      	3.91      	3.90      	3.89      
2L:10700000..10800000      	3.89      	3.88      	3.86      
2L:10800000..10900000      	3.86      	3.85      	3.84      
2L:10900000..11000000      	3.84      	3.82      	3.81      
2L:11000000..11100000      	3.81      	3.80      	3.78      
2L:11100000..11200000      	3.78      	3.77      	3.75      
2L:11200000..11300000      	3.75      	3.74      	3.73      
2L:11300000..11400000      	3.73      	3.71      	3.70      
2L:11400000..11500000      	3.70      	3.68      	3.67      
2L:11500000..11600000      	3.67      	3.65      	3.63      
2L:11600000..11700000      	3.63      	3.62      	3.60      
2L:11700000..11800000      	3.60      	3.58      	3.57      
2L:11800000..11900000      	3.57      	3.55      	3.53      
2L:11900000..12000000      	3.53      	3.52      	3.50      
2L:12000000..12100000      	3.50      	3.48      	3.46      
2L:12100000..12200000      	3.46      	3.45      	3.43      
2L:12200000..12300000      	3.43      	3.41      	3.39      
2L:12300000..12400000      	3.39      	3.37      	3.35      
2L:12400000..12500000      	3.35      	3.33      	3.31      
2L:12500000..12600000      	3.31      	3.29      	3.27      
2L:12600000..12700000      	3.27      	3.25      	3.23      
2L:12700000..12800000      	3.23      	3.21      	3.19      
2L:12800000..12900000      	3.19      	3.17      	3.15      
2L:12900000..13000000      	3.15      	3.13      	3.10      
2L:13000000..13100000      	3.10      	3.08      	3.06      
2L:13100000..13200000      	3.06      	3.04      	3.01      
2L:13200000..13300000      	3.01      	2.99      	2.97      
2L:13300000..13400000      	2.97      	2.95      	2.92      
2L:13400000..13500000      	2.92      	2.90      	2.87      
2L:13500000..13600000      	2.87      	2.85      	2.83      
2L:13600000..13700000      	2.83      	2.80      	2.78      
2L:13700000..13800000      	2.78      	2.75      	2.73      
2L:13800000..13900000      	2.73      	2.70      	2.68      
2L:13900000..14000000      	2.68      	2.65      	2.62      
2L:14000000..14100000      	2.62      	2.60      	2.57      
2L:14100000..14200000      	2.57      	2.55      	2.52      
2L:14200000..14300000      	2.52      	2.49      	2.46      
2L:14300000..14400000      	2.46      	2.44      	2.41      
2L:14400000..14500000      	2.41      	2.38      	2.35      
2L:14500000..14600000      	2.35      	2.32      	2.30      
2L:14600000..14700000      	2.30      	2.27      	2.24      
2L:14700000..14800000      	2.24      	2.21      	2.18      
2L:14800000..14900000      	2.18      	2.15      	2.12      
2L:14900000..15000000      	2.12      	2.09      	2.06      
2L:15000000..15100000      	2.06      	2.03      	2.00      
2L:15100000..15200000      	2.00      	1.97      	1.94      
2L:15200000..15300000      	1.94      	1.91      	1.88      
2L:15300000..15400000      	1.88      	1.84      	1.81      
2L:15400000..15500000      	1.81      	1.78      	1.75      
2L:15500000..15600000      	1.75      	1.72      	1.68      
2L:15600000..15700000      	1.68      	1.65      	1.62      
2L:15700000..15800000      	1.62      	1.58      	1.55      
2L:15800000..15900000      	1.55      	1.52      	1.48      
2L:15900000..16000000      	1.48      	1.45      	1.41      
2L:16000000..16100000      	1.41      	1.38      	1.34      
2L:16100000..16200000      	1.34      	1.31      	1.27      
2L:16200000..16300000      	1.27      	1.24      	1.20      
2L:16300000..16400000      	1.20      	1.17      	1.13      
2L:16400000..16500000      	1.13      	1.10      	1.06      
2L:16500000..16600000      	1.06      	1.02      	0.99      
2L:16600000..16700000      	0.99      	0.95      	0.91      
2L:16700000..16800000      	0.91      	0.87      	0.84      
2L:16800000..16900000      	0.84      	0.80      	0.76      
2L:16900000..17000000      	0.76      	0.72      	0.68      
2L:17000000..17100000      	0.68      	0.64      	0.60      
2L:17100000..17200000      	0.60      	0.57      	0.53      
2L:17200000..17300000      	0.53      	0.49      	0.45      
2L:17300000..17400000      	0.45      	0.41      	0.37      
2L:17400000..17500000      	0.37      	0.33      	0.29      
2L:17500000..17600000      	0.29      	0.24      	0.20      
2L:17600000..17700000      	0.20      	0.16      	0.12      
2L:17700000..17800000      	0.12      	0.08      	0.04      
2L:17800000..17900000      	0.04      	0.00      	0.00      
2L:17900000..18000000      	0.00      	0.00      	0.00      
2L:18000000..18100000      	0.00      	0.00      	0.00      
2L:18100000..18200000      	0.00      	0.00      	0.00      
2L:18200000..18300000      	0.00      	0.00      	0.00      
2L:18300000..18400000      	0.00      	0.00      	0.00      
2L:18400000..18500000      	0.00      	0.00      	0.00      
2L:18500000..18600000      	0.00      	0.00      	0.00      
2L:18600000..18700000      	0.00      	0.00      	0.00      
2L:18700000..18800000      	0.00      	0.00      	0.00      
2L:18800000..18900000      	0.00      	0.00      	0.00      
2L:18900000..19000000      	0.00      	0.00      	0.00      
2L:19000000..19100000      	0.00      	0.00      	0.00      
2L:19100000..19200000      	0.00      	0.00      	0.00      
2L:19200000..19300000      	0.00      	0.00      	0.00      
2L:19300000..19400000      	0.00      	0.00      	0.00      
2L:19400000..19500000      	0.00      	0.00      	0.00      
2L:19500000..19600000      	0.00      	0.00      	0.00      
2L:19600000..19700000      	0.00      	0.00      	0.00      
2L:19700000..19800000      	0.00      	0.00      	0.00      
2L:19800000..19900000      	0.00      	0.00      	0.00      
2L:19900000..20000000      	0.00      	0.00      	0.00      
2L:20000000..20100000      	0.00      	0.00      	0.00      
2L:20100000..20200000      	0.00      	0.00      	0.00      
2L:20200000..20300000      	0.00      	0.00      	0.00      
2L:20300000..20400000      	0.00      	0.00      	0.00      
2L:20400000..20500000      	0.00      	0.00      	0.00      
2L:20500000..20600000      	0.00      	0.00      	0.00      
2L:20600000..20700000      	0.00      	0.00      	0.00      
2L:20700000..20800000      	0.00      	0.00      	0.00      
2L:20800000..20900000      	0.00      	0.00      	0.00      
2L:20900000..21000000      	0.00      	0.00      	0.00      
2L:21000000..21100000      	0.00      	0.00      	0.00      
2L:21100000..21200000      	0.00      	0.00      	0.00      
2L:21200000..21300000      	0.00      	0.00      	0.00      
2L:21300000..21400000      	0.00      	0.00      	0.00      
2L:21400000..21500000      	0.00      	0.00      	0.00      
2L:21500000..21600000      	0.00      	0.00      	0.00      
2L:21600000..21700000      	0.00      	0.00      	0.00      
2L:21700000..21800000      	0.00      	0.00      	0.00      
2L:21800000..21900000      	0.00      	0.00      	0.00      
2L:21900000..22000000      	0.00      	0.00      	0.00      
2L:22000000..22100000      	0.00      	0.00      	0.00      
2L:22100000..22200000      	0.00      	0.00      	0.00      
2L:22200000..22300000      	0.00      	0.00      	0.00      
2L:22300000..22400000      	0.00      	0.00      	0.00      
2L:22400000..22500000      	0.00      	0.00      	0.00      
2L:22500000..22600000      	0.00      	0.00      	0.00      
2L:22600000..22700000      	0.00      	0.00      	0.00      
2L:22700000..22800000      	0.00      	0.00      	0.00      
2L:22800000..22900000      	0.00      	0.00      	0.00      
2L:22900000..23000000      	0.00      	0.00      	0.00      
2L:23000000..23011544      	0.00      	0.00      	0.00      
2R:0..100000      	0.00      	0.00      	0.00      
2R:100000..200000      	0.00      	0.00      	0.00      
2R:200000..300000      	0.00      	0.00      	0.00      
2R:300000..400000      	0.00      	0.00      	0.00      
2R:400000..500000      	0.00      	0.00      	0.00      
2R:500000..600000      	0.00      	0.00      	0.00      
2R:600000..700000      	0.00      	0.00      	0.00      
2R:700000..800000      	0.00      	0.00      	0.00      
2R:800000..900000      	0.00      	0.00      	0.00      
2R:900000..1000000      	0.00      	0.00      	0.00      
2R:1000000..1100000      	0.00      	0.00      	0.00      
2R:1100000..1200000      	0.00      	0.00      	0.00      
2R:1200000..1300000      	0.00      	0.00      	0.00      
2R:1300000..1400000      	0.00      	0.00      	0.00      
2R:1400000..1500000      	0.00      	0.00      	0.00      
2R:1500000..1600000      	0.00      	0.00      	0.00      
2R:1600000..1700000      	0.00      	0.00      	0.00      
2R:1700000..1800000      	0.00      	0.00      	0.00      
2R:1800000..1900000      	0.00      	0.00      	0.00      
2R:1900000..2000000      	0.00      	0.00      	0.00      
2R:2000000..2100000      	0.00      	0.00      	0.03      
2R:2100000..2200000      	0.03      	0.06      	0.09      
2R:2200000..2300000      	0.09      	0.11      	0.14      
2R:2300000..2400000      	0.14      	0.17      	0.20      
2R:2400000..2500000      	0.20      	0.23      	0.26      
2R:2500000..2600000      	0.26      	0.28      	0.31      
2R:2600000..2700000      	0.31      	0.34      	0.37      
2R:2700000..2800000      	0.37      	0.39      	0.42      
2R:2800000..2900000      	0.42      	0.45      	0.48      
2R:2900000..3000000      	0.48      	0.50      	0.53      
2R:3000000..3100000      	0.53      	0.56      	0.58      
2R:3100000..3200000      	0.58      	0.61      	0.64      
2R:3200000..3300000      	0.64      	0.66      	0.69      
2R:3300000..3400000      	0.69      	0.71      	0.74      
2R:3400000..3500000      	0.74      	0.77      	0.79      
2R:3500000..3600000      	0.79      	0.82      	0.84      
2R:3600000..3700000      	0.84      	0.87      	0.89      
2R:3700000..3800000      	0.89      	0.92      	0.94      
2R:3800000..3900000      	0.94      	0.97      	0.99      
2R:3900000..4000000      	0.99      	1.02      	1.04      
2R:4000000..4100000      	1.04      	1.07      	1.09      
2R:4100000..4200000      	1.09      	1.12      	1.14      
2R:4200000..4300000      	1.14      	1.16      	1.19      
2R:4300000..4400000      	1.19      	1.21      	1.24      
2R:4400000..4500000      	1.24      	1.26      	1.28      
2R:4500000..4600000      	1.28      	1.31      	1.33      
2R:4600000..4700000      	1.33      	1.35      	1.38      
2R:4700000..4800000      	1.38      	1.40      	1.42      
2R:4800000..4900000      	1.42      	1.44      	1.47      
2R:4900000..5000000      	1.47      	1.49      	1.51      
2R:5000000..5100000      	1.51      	1.53      	1.56      
2R:5100000..5200000      	1.56      	1.58      	1.60      
2R:5200000..5300000      	1.60      	1.62      	1.64      
2R:5300000..5400000      	1.64      	1.67      	1.69      
2R:5400000..5500000      	1.69      	1.71      	1.73      
2R:5500000..5600000      	1.73      	1.75      	1.77      
2R:5600000..5700000      	1.77      	1.79      	1.81      
2R:5700000..5800000      	1.81      	1.84      	1.86      
2R:5800000..5900000      	1.86      	1.88      	1.90      
2R:5900000..6000000      	1.90      	1.92      	1.94      
2R:6000000..6100000      	1.94      	1.96      	1.98      
2R:6100000..6200000      	1.98      	2.00      	2.02      
2R:6200000..6300000      	2.02      	2.04      	2.06      
2R:6300000..6400000      	2.06      	2.08      	2.09      
2R:6400000..6500000      	2.09      	2.11      	2.13      
2R:6500000..6600000      	2.13      	2.15      	2.17      
2R:6600000..6700000      	2.17      	2.19      	2.21      
2R:6700000..6800000      	2.21      	2.23      	2.25      
2R:6800000..6900000      	2.25      	2.26      	2.28      
2R:6900000..7000000      	2.28      	2.30      	2.32      
2R:7000000..7100000      	2.32      	2.34      	2.35      
2R:7100000..7200000      	2.35      	2.37      	2.39      
2R:7200000..7300000      	2.39      	2.41      	2.42      
2R:7300000..7400000      	2.42      	2.44      	2.46      
2R:7400000..7500000      	2.46      	2.47      	2.49      
2R:7500000..7600000      	2.49      	2.51      	2.52      
2R:7600000..7700000      	2.52      	2.54      	2.56      
2R:7700000..7800000      	2.56      	2.57      	2.59      
2R:7800000..7900000      	2.59      	2.61      	2.62      
2R:7900000..8000000      	2.62      	2.64      	2.65      
2R:8000000..8100000      	2.65      	2.67      	2.68      
2R:8100000..8200000      	2.68      	2.70      	2.72      
2R:8200000..8300000      	2.72      	2.73      	2.75      
2R:8300000..8400000      	2.75      	2.76      	2.78      
2R:8400000..8500000      	2.78      	2.79      	2.81      
2R:8500000..8600000      	2.81      	2.82      	2.83      
2R:8600000..8700000      	2.83      	2.85      	2.86      
2R:8700000..8800000      	2.86      	2.88      	2.89      
2R:8800000..8900000      	2.89      	2.90      	2.92      
2R:8900000..9000000      	2.92      	2.93      	2.95      
2R:9000000..9100000      	2.95      	2.96      	2.97      
2R:9100000..9200000      	2.97      	2.99      	3.00      
2R:9200000..9300000      	3.00      	3.01      	3.02      
2R:9300000..9400000      	3.02      	3.04      	3.05      
2R:9400000..9500000      	3.05      	3.06      	3.07      
2R:9500000..9600000      	3.07      	3.09      	3.10      
2R:9600000..9700000      	3.10      	3.11      	3.12      
2R:9700000..9800000      	3.12      	3.13      	3.15      
2R:9800000..9900000      	3.15      	3.16      	3.17      
2R:9900000..10000000      	3.17      	3.18      	3.19      
2R:10000000..10100000      	3.19      	3.20      	3.21      
2R:10100000..10200000      	3.21      	3.23      	3.24      
2R:10200000..10300000      	3.24      	3.25      	3.26      
2R:10300000..10400000      	3.26      	3.27      	3.28      
2R:10400000..10500000      	3.28      	3.29      	3.30      
2R:10500000..10600000      	3.30      	3.31      	3.32      
2R:10600000..10700000      	3.32      	3.33      	3.34      
2R:10700000..10800000      	3.34      	3.35      	3.36      
2R:10800000..10900000      	3.36      	3.37      	3.38      
2R:10900000..11000000      	3.38      	3.39      	3.40      
2R:11000000..11100000      	3.40      	3.40      	3.41      
2R:11100000..11200000      	3.41      	3.42      	3.43      
2R:11200000..11300000      	3.43      	3.44      	3.45      
2R:11300000..11400000      	3.45      	3.46      	3.46      
2R:11400000..11500000      	3.46      	3.47      	3.48      
2R:11500000..11600000      	3.48      	3.49      	3.50      
2R:11600000..11700000      	3.50      	3.50      	3.51      
2R:11700000..11800000      	3.51      	3.52      	3.53      
2R:11800000..11900000      	3.53      	3.53      	3.54      
2R:11900000..12000000      	3.54      	3.55      	3.55      
2R:12000000..12100000      	3.55      	3.56      	3.57      
2R:12100000..12200000      	3.57      	3.57      	3.58      
2R:12200000..12300000      	3.58      	3.59      	3.59      
2R:12300000..12400000      	3.59      	3.60      	3.60      
2R:12400000..12500000      	3.60      	3.61      	3.62      
2R:12500000..12600000      	3.62      	3.62      	3.63      
2R:12600000..12700000      	3.63      	3.63      	3.64      
2R:12700000..12800000      	3.64      	3.64      	3.65      
2R:12800000..12900000      	3.65      	3.65      	3.66      
2R:12900000..13000000      	3.66      	3.66      	3.67      
2R:13000000..13100000      	3.67      	3.67      	3.68      
2R:13100000..13200000      	3.68      	3.68      	3.68      
2R:13200000..13300000      	3.68      	3.69      	3.69      
2R:13300000..13400000      	3.69      	3.70      	3.70      
2R:13400000..13500000      	3.70      	3.70      	3.71      
2R:13500000..13600000      	3.71      	3.71      	3.71      
2R:13600000..13700000      	3.71      	3.72      	3.72      
2R:13700000..13800000      	3.72      	3.72      	3.73      
2R:13800000..13900000      	3.73      	3.73      	3.73      
2R:13900000..14000000      	3.73      	3.73      	3.74      
2R:14000000..14100000      	3.74      	3.74      	3.74      
2R:14100000..14200000      	3.74      	3.74      	3.74      
2R:14200000..14300000      	3.74      	3.75      	3.75      
2R:14300000..14400000      	3.75      	3.75      	3.75      
2R:14400000..14500000      	3.75      	3.75      	3.75      
2R:14500000..14600000      	3.75      	3.76      	3.76      
2R:14600000..14700000      	3.76      	3.76      	3.76      
2R:14700000..14800000      	3.76      	3.76      	3.76      
2R:14800000..14900000      	3.76      	3.76      	3.76      
2R:14900000..15000000      	3.76      	3.76      	3.76      
2R:15000000..15100000      	3.76      	3.76      	3.76      
2R:15100000..15200000      	3.76      	3.76      	3.76      
2R:15200000..15300000      	3.76      	3.76      	3.76      
2R:15300000..15400000      	3.76      	3.76      	3.76      
2R:15400000..15500000      	3.76      	3.76      	3.76      
2R:15500000..15600000      	3.76      	3.76      	3.75      
2R:15600000..15700000      	3.75      	3.75      	3.75      
2R:15700000..15800000      	3.75      	3.75      	3.75      
2R:15800000..15900000      	3.75      	3.75      	3.75      
2R:15900000..16000000      	3.75      	3.74      	3.74      
2R:16000000..16100000      	3.74      	3.74      	3.74      
2R:16100000..16200000      	3.74      	3.74      	3.73      
2R:16200000..16300000      	3.73      	3.73      	3.73      
2R:16300000..16400000      	3.73      	3.72      	3.72      
2R:16400000..16500000      	3.72      	3.72      	3.72      
2R:16500000..16600000      	3.72      	3.71      	3.71      
2R:16600000..16700000      	3.71      	3.71      	3.70      
2R:16700000..16800000      	3.70      	3.70      	3.69      
2R:16800000..16900000      	3.69      	3.69      	3.69      
2R:16900000..17000000      	3.69      	3.68      	3.68      
2R:17000000..17100000      	3.68      	3.67      	3.67      
2R:17100000..17200000      	3.67      	3.66      	3.66      
2R:17200000..17300000      	3.66      	3.65      	3.65      
2R:17300000..17400000      	3.65      	3.65      	3.64      
2R:17400000..17500000      	3.64      	3.63      	3.63      
2R:17500000..17600000      	3.63      	3.62      	3.62      
2R:17600000..17700000      	3.62      	3.61      	3.61      
2R:17700000..17800000      	3.61      	3.60      	3.59      
2R:17800000..17900000      	3.59      	3.59      	3.58      
2R:17900000..18000000      	3.58      	3.58      	3.57      
2R:18000000..18100000      	3.57      	3.56      	3.56      
2R:18100000..18200000      	3.56      	3.55      	3.54      
2R:18200000..18300000      	3.54      	3.54      	3.53      
2R:18300000..18400000      	3.53      	3.52      	3.51      
2R:18400000..18500000      	3.51      	3.51      	3.50      
2R:18500000..18600000      	3.50      	3.49      	3.48      
2R:18600000..18700000      	3.48      	3.48      	3.47      
2R:18700000..18800000      	3.47      	3.46      	3.45      
2R:18800000..18900000      	3.45      	3.44      	3.43      
2R:18900000..19000000      	3.43      	3.43      	3.42      
2R:19000000..19100000      	3.42      	3.41      	3.40      
2R:19100000..19200000      	3.40      	3.39      	3.38      
2R:19200000..19300000      	3.38      	3.37      	3.36      
2R:19300000..19400000      	3.36      	3.35      	3.34      
2R:19400000..19500000      	3.34      	3.33      	3.32      
2R:19500000..19600000      	3.32      	3.31      	3.30      
2R:19600000..19700000      	3.30      	3.29      	3.28      
2R:19700000..19800000      	3.28      	3.27      	3.26      
2R:19800000..19900000      	3.26      	3.25      	3.24      
2R:19900000..20000000      	3.24      	3.23      	3.22      
2R:20000000..20100000      	3.22      	3.21      	3.20      
2R:20100000..20200000      	3.20      	3.19      	3.17      
2R:20200000..20300000      	3.17      	3.16      	3.15      
2R:20300000..20400000      	3.15      	3.14      	3.13      
2R:20400000..20500000      	3.13      	3.12      	3.10      
2R:20500000..20600000      	3.10      	3.09      	3.08      
2R:20600000..20700000      	3.08      	3.07      	0.00      
2R:20700000..20800000      	0.00      	0.00      	0.00      
2R:20800000..20900000      	0.00      	0.00      	0.00      
2R:20900000..21000000      	0.00      	0.00      	0.00      
2R:21000000..21100000      	0.00      	0.00      	0.00      
3L:0..100000      	0.00      	0.00      	0.00      
3L:100000..200000      	0.00      	0.00      	0.00      
3L:200000..300000      	0.00      	0.00      	0.00      
3L:300000..400000      	0.00      	0.00      	0.00      
3L:400000..500000      	0.00      	0.00      	0.00      
3L:500000..600000      	0.00      	0.00      	0.00      
3L:600000..700000      	0.00      	0.00      	0.00      
3L:700000..800000      	0.00      	0.00      	0.00      
3L:800000..900000      	0.00      	0.00      	2.84      
3L:900000..1000000      	2.84      	2.85      	2.86      
3L:1000000..1100000      	2.86      	2.87      	2.88      
3L:1100000..1200000      	2.88      	2.89      	2.90      
3L:1200000..1300000      	2.90      	2.91      	2.92      
3L:1300000..1400000      	2.92      	2.93      	2.94      
3L:1400000..1500000      	2.94      	2.95      	2.96      
3L:1500000..1600000      	2.96      	2.97      	2.98      
3L:1600000..1700000      	2.98      	2.99      	3.00      
3L:1700000..1800000      	3.00      	3.01      	3.02      
3L:1800000..1900000      	3.02      	3.02      	3.03      
3L:1900000..2000000      	3.03      	3.04      	3.05      
3L:2000000..2100000      	3.05      	3.06      	3.07      
3L:2100000..2200000      	3.07      	3.07      	3.08      
3L:2200000..2300000      	3.08      	3.09      	3.10      
3L:2300000..2400000      	3.10      	3.11      	3.11      
3L:2400000..2500000      	3.11      	3.12      	3.13      
3L:2500000..2600000      	3.13      	3.14      	3.14      
3L:2600000..2700000      	3.14      	3.15      	3.16      
3L:2700000..2800000      	3.16      	3.16      	3.17      
3L:2800000..2900000      	3.17      	3.18      	3.18      
3L:2900000..3000000      	3.18      	3.19      	3.20      
3L:3000000..3100000      	3.20      	3.20      	3.21      
3L:3100000..3200000      	3.21      	3.22      	3.22      
3L:3200000..3300000      	3.22      	3.23      	3.23      
3L:3300000..3400000      	3.23      	3.24      	3.24      
3L:3400000..3500000      	3.24      	3.25      	3.26      
3L:3500000..3600000      	3.26      	3.26      	3.27      
3L:3600000..3700000      	3.27      	3.27      	3.28      
3L:3700000..3800000      	3.28      	3.28      	3.29      
3L:3800000..3900000      	3.29      	3.29      	3.30      
3L:3900000..4000000      	3.30      	3.30      	3.30      
3L:4000000..4100000      	3.30      	3.31      	3.31      
3L:4100000..4200000      	3.31      	3.32      	3.32      
3L:4200000..4300000      	3.32      	3.33      	3.33      
3L:4300000..4400000      	3.33      	3.33      	3.34      
3L:4400000..4500000      	3.34      	3.34      	3.34      
3L:4500000..4600000      	3.34      	3.35      	3.35      
3L:4600000..4700000      	3.35      	3.35      	3.36      
3L:4700000..4800000      	3.36      	3.36      	3.36      
3L:4800000..4900000      	3.36      	3.37      	3.37      
3L:4900000..5000000      	3.37      	3.37      	3.37      
3L:5000000..5100000      	3.37      	3.38      	3.38      
3L:5100000..5200000      	3.38      	3.38      	3.38      
3L:5200000..5300000      	3.38      	3.38      	3.39      
3L:5300000..5400000      	3.39      	3.39      	3.39      
3L:5400000..5500000      	3.39      	3.39      	3.39      
3L:5500000..5600000      	3.39      	3.39      	3.40      
3L:5600000..5700000      	3.40      	3.40      	3.40      
3L:5700000..5800000      	3.40      	3.40      	3.40      
3L:5800000..5900000      	3.40      	3.40      	3.40      
3L:5900000..6000000      	3.40      	3.40      	3.40      
3L:6000000..6100000      	3.40      	3.40      	3.40      
3L:6100000..6200000      	3.40      	3.40      	3.40      
3L:6200000..6300000      	3.40      	3.40      	3.40      
3L:6300000..6400000      	3.40      	3.40      	3.40      
3L:6400000..6500000      	3.40      	3.40      	3.40      
3L:6500000..6600000      	3.40      	3.40      	3.40      
3L:6600000..6700000      	3.40      	3.40      	3.40      
3L:6700000..6800000      	3.40      	3.40      	3.40      
3L:6800000..6900000      	3.40      	3.40      	3.40      
3L:6900000..7000000      	3.40      	3.39      	3.39      
3L:7000000..7100000      	3.39      	3.39      	3.39      
3L:7100000..7200000      	3.39      	3.39      	3.39      
3L:7200000..7300000      	3.39      	3.38      	3.38      
3L:7300000..7400000      	3.38      	3.38      	3.38      
3L:7400000..7500000      	3.38      	3.38      	3.37      
3L:7500000..7600000      	3.37      	3.37      	3.37      
3L:7600000..7700000      	3.37      	3.37      	3.36      
3L:7700000..7800000      	3.36      	3.36      	3.36      
3L:7800000..7900000      	3.36      	3.35      	3.35      
3L:7900000..8000000      	3.35      	3.35      	3.34      
3L:8000000..8100000      	3.34      	3.34      	3.34      
3L:8100000..8200000      	3.34      	3.33      	3.33      
3L:8200000..8300000      	3.33      	3.33      	3.32      
3L:8300000..8400000      	3.32      	3.32      	3.31      
3L:8400000..8500000      	3.31      	3.31      	3.31      
3L:8500000..8600000      	3.31      	3.30      	3.30      
3L:8600000..8700000      	3.30      	3.29      	3.29      
3L:8700000..8800000      	3.29      	3.28      	3.28      
3L:8800000..8900000      	3.28      	3.27      	3.27      
3L:8900000..9000000      	3.27      	3.26      	3.26      
3L:9000000..9100000      	3.26      	3.25      	3.25      
3L:9100000..9200000      	3.25      	3.24      	3.23      
3L:9200000..9300000      	3.23      	3.23      	3.22      
3L:9300000..9400000      	3.22      	3.22      	3.21      
3L:9400000..9500000      	3.21      	3.20      	3.20      
3L:9500000..9600000      	3.20      	3.19      	3.19      
3L:9600000..9700000      	3.19      	3.18      	3.17      
3L:9700000..9800000      	3.17      	3.17      	3.16      
3L:9800000..9900000      	3.16      	3.15      	3.14      
3L:9900000..10000000      	3.14      	3.14      	3.13      
3L:10000000..10100000      	3.13      	3.12      	3.12      
3L:10100000..10200000      	3.12      	3.11      	3.10      
3L:10200000..10300000      	3.10      	3.09      	3.08      
3L:10300000..10400000      	3.08      	3.08      	3.07      
3L:10400000..10500000      	3.07      	3.06      	3.05      
3L:10500000..10600000      	3.05      	3.04      	3.04      
3L:10600000..10700000      	3.04      	3.03      	3.02      
3L:10700000..10800000      	3.02      	3.01      	3.00      
3L:10800000..10900000      	3.00      	2.99      	2.98      
3L:10900000..11000000      	2.98      	2.97      	2.96      
3L:11000000..11100000      	2.96      	2.96      	2.95      
3L:11100000..11200000      	2.95      	2.94      	2.93      
3L:11200000..11300000      	2.93      	2.92      	2.91      
3L:11300000..11400000      	2.91      	2.90      	2.89      
3L:11400000..11500000      	2.89      	2.88      	2.87      
3L:11500000..11600000      	2.87      	2.86      	2.85      
3L:11600000..11700000      	2.85      	2.84      	2.82      
3L:11700000..11800000      	2.82      	2.81      	2.80      
3L:11800000..11900000      	2.80      	2.79      	2.78      
3L:11900000..12000000      	2.78      	2.77      	2.76      
3L:12000000..12100000      	2.76      	2.75      	2.74      
3L:12100000..12200000      	2.74      	2.73      	2.71      
3L:12200000..12300000      	2.71      	2.70      	2.69      
3L:12300000..12400000      	2.69      	2.68      	2.67      
3L:12400000..12500000      	2.67      	2.65      	2.64      
3L:12500000..12600000      	2.64      	2.63      	2.62      
3L:12600000..12700000      	2.62      	2.61      	2.59      
3L:12700000..12800000      	2.59      	2.58      	2.57      
3L:12800000..12900000      	2.57      	2.55      	2.54      
3L:12900000..13000000      	2.54      	2.53      	2.52      
3L:13000000..13100000      	2.52      	2.50      	2.49      
3L:13100000..13200000      	2.49      	2.48      	2.46      
3L:13200000..13300000      	2.46      	2.45      	2.43      
3L:13300000..13400000      	2.43      	2.42      	2.41      
3L:13400000..13500000      	2.41      	2.39      	2.38      
3L:13500000..13600000      	2.38      	2.36      	2.35      
3L:13600000..13700000      	2.35      	2.34      	2.32      
3L:13700000..13800000      	2.32      	2.31      	2.29      
3L:13800000..13900000      	2.29      	2.28      	2.26      
3L:13900000..14000000      	2.26      	2.25      	2.23      
3L:14000000..14100000      	2.23      	2.22      	2.20      
3L:14100000..14200000      	2.20      	2.19      	2.17      
3L:14200000..14300000      	2.17      	2.16      	2.14      
3L:14300000..14400000      	2.14      	2.12      	2.11      
3L:14400000..14500000      	2.11      	2.09      	2.08      
3L:14500000..14600000      	2.08      	2.06      	2.04      
3L:14600000..14700000      	2.04      	2.03      	2.01      
3L:14700000..14800000      	2.01      	1.99      	1.98      
3L:14800000..14900000      	1.98      	1.96      	1.94      
3L:14900000..15000000      	1.94      	1.93      	1.91      
3L:15000000..15100000      	1.91      	1.89      	1.88      
3L:15100000..15200000      	1.88      	1.86      	1.84      
3L:15200000..15300000      	1.84      	1.82      	1.81      
3L:15300000..15400000      	1.81      	1.79      	1.77      
3L:15400000..15500000      	1.77      	1.75      	1.73      
3L:15500000..15600000      	1.73      	1.72      	1.70      
3L:15600000..15700000      	1.70      	1.68      	1.66      
3L:15700000..15800000      	1.66      	1.64      	1.62      
3L:15800000..15900000      	1.62      	1.60      	1.59      
3L:15900000..16000000      	1.59      	1.57      	1.55      
3L:16000000..16100000      	1.55      	1.53      	1.51      
3L:16100000..16200000      	1.51      	1.49      	1.47      
3L:16200000..16300000      	1.47      	1.45      	1.43      
3L:16300000..16400000      	1.43      	1.41      	1.39      
3L:16400000..16500000      	1.39      	1.37      	1.35      
3L:16500000..16600000      	1.35      	1.33      	1.31      
3L:16600000..16700000      	1.31      	1.29      	1.27      
3L:16700000..16800000      	1.27      	1.25      	1.23      
3L:16800000..16900000      	1.23      	1.21      	1.19      
3L:16900000..17000000      	1.19      	1.17      	1.15      
3L:17000000..17100000      	1.15      	1.13      	1.11      
3L:17100000..17200000      	1.11      	1.08      	1.06      
3L:17200000..17300000      	1.06      	1.04      	1.02      
3L:17300000..17400000      	1.02      	1.00      	0.98      
3L:17400000..17500000      	0.98      	0.95      	0.93      
3L:17500000..17600000      	0.93      	0.91      	0.89      
3L:17600000..17700000      	0.89      	0.87      	0.84      
3L:17700000..17800000      	0.84      	0.82      	0.80      
3L:17800000..17900000      	0.80      	0.78      	0.75      
3L:17900000..18000000      	0.75      	0.73      	0.71      
3L:18000000..18100000      	0.71      	0.68      	0.66      
3L:18100000..18200000      	0.66      	0.64      	0.62      
3L:18200000..18300000      	0.62      	0.59      	0.57      
3L:18300000..18400000      	0.57      	0.54      	0.52      
3L:18400000..18500000      	0.52      	0.50      	0.47      
3L:18500000..18600000      	0.47      	0.45      	0.43      
3L:18600000..18700000      	0.43      	0.40      	0.38      
3L:18700000..18800000      	0.38      	0.35      	0.33      
3L:18800000..18900000      	0.33      	0.30      	0.28      
3L:18900000..19000000      	0.28      	0.25      	0.23      
3L:19000000..19100000      	0.23      	0.20      	0.18      
3L:19100000..19200000      	0.18      	0.15      	0.13      
3L:19200000..19300000      	0.13      	0.10      	0.08      
3L:19300000..19400000      	0.08      	0.05      	0.03      
3L:19400000..19500000      	0.03      	0.00      	0.00      
3L:19500000..19600000      	0.00      	0.00      	0.00      
3L:19600000..19700000      	0.00      	0.00      	0.00      
3L:19700000..19800000      	0.00      	0.00      	0.00      
3L:19800000..19900000      	0.00      	0.00      	0.00      
3L:19900000..20000000      	0.00      	0.00      	0.00      
3L:20000000..20100000      	0.00      	0.00      	0.00      
3L:20100000..20200000      	0.00      	0.00      	0.00      
3L:20200000..20300000      	0.00      	0.00      	0.00      
3L:20300000..20400000      	0.00      	0.00      	0.00      
3L:20400000..20500000      	0.00      	0.00      	0.00      
3L:20500000..20600000      	0.00      	0.00      	0.00      
3L:20600000..20700000      	0.00      	0.00      	0.00      
3L:20700000..20800000      	0.00      	0.00      	0.00      
3L:20800000..20900000      	0.00      	0.00      	0.00      
3L:20900000..21000000      	0.00      	0.00      	0.00      
3L:21000000..21100000      	0.00      	0.00      	0.00      
3L:21100000..21200000      	0.00      	0.00      	0.00      
3L:21200000..21300000      	0.00      	0.00      	0.00      
3L:21300000..21400000      	0.00      	0.00      	0.00      
3L:21400000..21500000      	0.00      	0.00      	0.00      
3L:21500000..21600000      	0.00      	0.00      	0.00      
3L:21600000..21700000      	0.00      	0.00      	0.00      
3L:21700000..21800000      	0.00      	0.00      	0.00      
3L:21800000..21900000      	0.00      	0.00      	0.00      
3L:21900000..22000000      	0.00      	0.00      	0.00      
3L:22000000..22100000      	0.00      	0.00      	0.00      
3L:22100000..22200000      	0.00      	0.00      	0.00      
3L:22200000..22300000      	0.00      	0.00      	0.00      
3L:22300000..22400000      	0.00      	0.00      	0.00      
3L:22400000..22500000      	0.00      	0.00      	0.00      
3L:22500000..22600000      	0.00      	0.00      	0.00      
3L:22600000..22700000      	0.00      	0.00      	0.00      
3L:22700000..22800000      	0.00      	0.00      	0.00      
3L:22800000..22900000      	0.00      	0.00      	0.00      
3L:22900000..23000000      	0.00      	0.00      	0.00      
3L:23000000..23100000      	0.00      	0.00      	0.00      
3L:23100000..23200000      	0.00      	0.00      	0.00      
3L:23200000..23300000      	0.00      	0.00      	0.00      
3L:23300000..23400000      	0.00      	0.00      	0.00      
3L:23400000..23500000      	0.00      	0.00      	0.00      
3L:23500000..23600000      	0.00      	0.00      	0.00      
3L:23600000..23700000      	0.00      	0.00      	0.00      
3L:23700000..23800000      	0.00      	0.00      	0.00      
3L:23800000..23900000      	0.00      	0.00      	0.00      
3L:23900000..24000000      	0.00      	0.00      	0.00      
3L:24000000..24100000      	0.00      	0.00      	0.00      
3L:24100000..24200000      	0.00      	0.00      	0.00      
3L:24200000..24300000      	0.00      	0.00      	0.00      
3L:24300000..24400000      	0.00      	0.00      	0.00      
3L:24400000..24500000      	0.00      	0.00      	0.00      
3R:0..100000      	0.00      	0.00      	0.00      
3R:100000..200000      	0.00      	0.00      	0.00      
3R:200000..300000      	0.00      	0.00      	0.00      
3R:300000..400000      	0.00      	0.00      	0.00      
3R:400000..500000      	0.00      	0.00      	0.00      
3R:500000..600000      	0.00      	0.00      	0.00      
3R:600000..700000      	0.00      	0.00      	0.00      
3R:700000..800000      	0.00      	0.00      	0.00      
3R:800000..900000      	0.00      	0.00      	0.00      
3R:900000..1000000      	0.00      	0.00      	0.00      
3R:1000000..1100000      	0.00      	0.00      	0.00      
3R:1100000..1200000      	0.00      	0.00      	0.00      
3R:1200000..1300000      	0.00      	0.00      	0.00      
3R:1300000..1400000      	0.00      	0.00      	0.00      
3R:1400000..1500000      	0.00      	0.00      	0.00      
3R:1500000..1600000      	0.00      	0.00      	0.00      
3R:1600000..1700000      	0.00      	0.00      	0.00      
3R:1700000..1800000      	0.00      	0.00      	0.00      
3R:1800000..1900000      	0.00      	0.00      	0.00      
3R:1900000..2000000      	0.00      	0.00      	0.00      
3R:2000000..2100000      	0.00      	0.00      	0.00      
3R:2100000..2200000      	0.00      	0.00      	0.00      
3R:2200000..2300000      	0.00      	0.00      	0.00      
3R:2300000..2400000      	0.00      	0.00      	0.00      
3R:2400000..2500000      	0.00      	0.00      	0.00      
3R:2500000..2600000      	0.00      	0.00      	0.00      
3R:2600000..2700000      	0.00      	0.00      	0.00      
3R:2700000..2800000      	0.00      	0.00      	0.00      
3R:2800000..2900000      	0.00      	0.00      	0.00      
3R:2900000..3000000      	0.00      	0.00      	0.00      
3R:3000000..3100000      	0.00      	0.00      	0.00      
3R:3100000..3200000      	0.00      	0.00      	0.00      
3R:3200000..3300000      	0.00      	0.00      	0.00      
3R:3300000..3400000      	0.00      	0.00      	0.00      
3R:3400000..3500000      	0.00      	0.00      	0.00      
3R:3500000..3600000      	0.00      	0.00      	0.00      
3R:3600000..3700000      	0.00      	0.00      	0.00      
3R:3700000..3800000      	0.00      	0.00      	0.00      
3R:3800000..3900000      	0.00      	0.00      	0.00      
3R:3900000..4000000      	0.00      	0.00      	0.00      
3R:4000000..4100000      	0.00      	0.00      	0.00      
3R:4100000..4200000      	0.00      	0.00      	0.00      
3R:4200000..4300000      	0.00      	0.00      	0.00      
3R:4300000..4400000      	0.00      	0.00      	0.00      
3R:4400000..4500000      	0.00      	0.00      	0.00      
3R:4500000..4600000      	0.00      	0.24      	0.26      
3R:4600000..4700000      	0.26      	0.28      	0.30      
3R:4700000..4800000      	0.30      	0.32      	0.34      
3R:4800000..4900000      	0.34      	0.36      	0.38      
3R:4900000..5000000      	0.38      	0.40      	0.41      
3R:5000000..5100000      	0.41      	0.43      	0.45      
3R:5100000..5200000      	0.45      	0.47      	0.49      
3R:5200000..5300000      	0.49      	0.51      	0.53      
3R:5300000..5400000      	0.53      	0.54      	0.56      
3R:5400000..5500000      	0.56      	0.58      	0.60      
3R:5500000..5600000      	0.60      	0.62      	0.64      
3R:5600000..5700000      	0.64      	0.65      	0.67      
3R:5700000..5800000      	0.67      	0.69      	0.71      
3R:5800000..5900000      	0.71      	0.72      	0.74      
3R:5900000..6000000      	0.74      	0.76      	0.78      
3R:6000000..6100000      	0.78      	0.80      	0.81      
3R:6100000..6200000      	0.81      	0.83      	0.85      
3R:6200000..6300000      	0.85      	0.86      	0.88      
3R:6300000..6400000      	0.88      	0.90      	0.92      
3R:6400000..6500000      	0.92      	0.93      	0.95      
3R:6500000..6600000      	0.95      	0.97      	0.98      
3R:6600000..6700000      	0.98      	1.00      	1.02      
3R:6700000..6800000      	1.02      	1.03      	1.05      
3R:6800000..6900000      	1.05      	1.07      	1.08      
3R:6900000..7000000      	1.08      	1.10      	1.12      
3R:7000000..7100000      	1.12      	1.13      	1.15      
3R:7100000..7200000      	1.15      	1.16      	1.18      
3R:7200000..7300000      	1.18      	1.20      	1.21      
3R:7300000..7400000      	1.21      	1.23      	1.24      
3R:7400000..7500000      	1.24      	1.26      	1.28      
3R:7500000..7600000      	1.28      	1.29      	1.31      
3R:7600000..7700000      	1.31      	1.32      	1.34      
3R:7700000..7800000      	1.34      	1.35      	1.37      
3R:7800000..7900000      	1.37      	1.38      	1.40      
3R:7900000..8000000      	1.40      	1.41      	1.43      
3R:8000000..8100000      	1.43      	1.44      	1.46      
3R:8100000..8200000      	1.46      	1.47      	1.49      
3R:8200000..8300000      	1.49      	1.50      	1.52      
3R:8300000..8400000      	1.52      	1.53      	1.55      
3R:8400000..8500000      	1.55      	1.56      	1.58      
3R:8500000..8600000      	1.58      	1.59      	1.61      
3R:8600000..8700000      	1.61      	1.62      	1.63      
3R:8700000..8800000      	1.63      	1.65      	1.66      
3R:8800000..8900000      	1.66      	1.68      	1.69      
3R:8900000..9000000      	1.69      	1.70      	1.72      
3R:9000000..9100000      	1.72      	1.73      	1.74      
3R:9100000..9200000      	1.74      	1.76      	1.77      
3R:9200000..9300000      	1.77      	1.79      	1.80      
3R:9300000..9400000      	1.80      	1.81      	1.83      
3R:9400000..9500000      	1.83      	1.84      	1.85      
3R:9500000..9600000      	1.85      	1.86      	1.88      
3R:9600000..9700000      	1.88      	1.89      	1.90      
3R:9700000..9800000      	1.90      	1.92      	1.93      
3R:9800000..9900000      	1.93      	1.94      	1.96      
3R:9900000..10000000      	1.96      	1.97      	1.98      
3R:10000000..10100000      	1.98      	1.99      	2.01      
3R:10100000..10200000      	2.01      	2.02      	2.03      
3R:10200000..10300000      	2.03      	2.04      	2.05      
3R:10300000..10400000      	2.05      	2.07      	2.08      
3R:10400000..10500000      	2.08      	2.09      	2.10      
3R:10500000..10600000      	2.10      	2.11      	2.13      
3R:10600000..10700000      	2.13      	2.14      	2.15      
3R:10700000..10800000      	2.15      	2.16      	2.17      
3R:10800000..10900000      	2.17      	2.18      	2.20      
3R:10900000..11000000      	2.20      	2.21      	2.22      
3R:11000000..11100000      	2.22      	2.23      	2.24      
3R:11100000..11200000      	2.24      	2.25      	2.26      
3R:11200000..11300000      	2.26      	2.27      	2.28      
3R:11300000..11400000      	2.28      	2.30      	2.31      
3R:11400000..11500000      	2.31      	2.32      	2.33      
3R:11500000..11600000      	2.33      	2.34      	2.35      
3R:11600000..11700000      	2.35      	2.36      	2.37      
3R:11700000..11800000      	2.37      	2.38      	2.39      
3R:11800000..11900000      	2.39      	2.40      	2.41      
3R:11900000..12000000      	2.41      	2.42      	2.43      
3R:12000000..12100000      	2.43      	2.44      	2.45      
3R:12100000..12200000      	2.45      	2.46      	2.47      
3R:12200000..12300000      	2.47      	2.48      	2.49      
3R:12300000..12400000      	2.49      	2.50      	2.51      
3R:12400000..12500000      	2.51      	2.52      	2.53      
3R:12500000..12600000      	2.53      	2.54      	2.55      
3R:12600000..12700000      	2.55      	2.56      	2.56      
3R:12700000..12800000      	2.56      	2.57      	2.58      
3R:12800000..12900000      	2.58      	2.59      	2.60      
3R:12900000..13000000      	2.60      	2.61      	2.62      
3R:13000000..13100000      	2.62      	2.63      	2.64      
3R:13100000..13200000      	2.64      	2.64      	2.65      
3R:13200000..13300000      	2.65      	2.66      	2.67      
3R:13300000..13400000      	2.67      	2.68      	2.69      
3R:13400000..13500000      	2.69      	2.69      	2.70      
3R:13500000..13600000      	2.70      	2.71      	2.72      
3R:13600000..13700000      	2.72      	2.73      	2.73      
3R:13700000..13800000      	2.73      	2.74      	2.75      
3R:13800000..13900000      	2.75      	2.76      	2.76      
3R:13900000..14000000      	2.76      	2.77      	2.78      
3R:14000000..14100000      	2.78      	2.79      	2.79      
3R:14100000..14200000      	2.79      	2.80      	2.81      
3R:14200000..14300000      	2.81      	2.82      	2.82      
3R:14300000..14400000      	2.82      	2.83      	2.84      
3R:14400000..14500000      	2.84      	2.84      	2.85      
3R:14500000..14600000      	2.85      	2.86      	2.87      
3R:14600000..14700000      	2.87      	2.87      	2.88      
3R:14700000..14800000      	2.88      	2.89      	2.89      
3R:14800000..14900000      	2.89      	2.90      	2.90      
3R:14900000..15000000      	2.90      	2.91      	2.92      
3R:15000000..15100000      	2.92      	2.92      	2.93      
3R:15100000..15200000      	2.93      	2.94      	2.94      
3R:15200000..15300000      	2.94      	2.95      	2.95      
3R:15300000..15400000      	2.95      	2.96      	2.96      
3R:15400000..15500000      	2.96      	2.97      	2.98      
3R:15500000..15600000      	2.98      	2.98      	2.99      
3R:15600000..15700000      	2.99      	2.99      	3.00      
3R:15700000..15800000      	3.00      	3.00      	3.01      
3R:15800000..15900000      	3.01      	3.01      	3.02      
3R:15900000..16000000      	3.02      	3.02      	3.03      
3R:16000000..16100000      	3.03      	3.03      	3.04      
3R:16100000..16200000      	3.04      	3.04      	3.05      
3R:16200000..16300000      	3.05      	3.05      	3.06      
3R:16300000..16400000      	3.06      	3.06      	3.07      
3R:16400000..16500000      	3.07      	3.07      	3.08      
3R:16500000..16600000      	3.08      	3.08      	3.08      
3R:16600000..16700000      	3.08      	3.09      	3.09      
3R:16700000..16800000      	3.09      	3.10      	3.10      
3R:16800000..16900000      	3.10      	3.10      	3.11      
3R:16900000..17000000      	3.11      	3.11      	3.12      
3R:17000000..17100000      	3.12      	3.12      	3.12      
3R:17100000..17200000      	3.12      	3.13      	3.13      
3R:17200000..17300000      	3.13      	3.13      	3.14      
3R:17300000..17400000      	3.14      	3.14      	3.14      
3R:17400000..17500000      	3.14      	3.15      	3.15      
3R:17500000..17600000      	3.15      	3.15      	3.16      
3R:17600000..17700000      	3.16      	3.16      	3.16      
3R:17700000..17800000      	3.16      	3.16      	3.17      
3R:17800000..17900000      	3.17      	3.17      	3.17      
3R:17900000..18000000      	3.17      	3.17      	3.18      
3R:18000000..18100000      	3.18      	3.18      	3.18      
3R:18100000..18200000      	3.18      	3.18      	3.19      
3R:18200000..18300000      	3.19      	3.19      	3.19      
3R:18300000..18400000      	3.19      	3.19      	3.19      
3R:18400000..18500000      	3.19      	3.20      	3.20      
3R:18500000..18600000      	3.20      	3.20      	3.20      
3R:18600000..18700000      	3.20      	3.20      	3.20      
3R:18700000..18800000      	3.20      	3.21      	3.21      
3R:18800000..18900000      	3.21      	3.21      	3.21      
3R:18900000..19000000      	3.21      	3.21      	3.21      
3R:19000000..19100000      	3.21      	3.21      	3.22      
3R:19100000..19200000      	3.22      	3.22      	3.22      
3R:19200000..19300000      	3.22      	3.22      	3.22      
3R:19300000..19400000      	3.22      	3.22      	3.22      
3R:19400000..19500000      	3.22      	3.22      	3.22      
3R:19500000..19600000      	3.22      	3.22      	3.22      
3R:19600000..19700000      	3.22      	3.22      	3.22      
3R:19700000..19800000      	3.22      	3.22      	3.22      
3R:19800000..19900000      	3.22      	3.22      	3.22      
3R:19900000..20000000      	3.22      	3.22      	3.22      
3R:20000000..20100000      	3.22      	3.22      	3.22      
3R:20100000..20200000      	3.22      	3.22      	3.22      
3R:20200000..20300000      	3.22      	3.22      	3.22      
3R:20300000..20400000      	3.22      	3.22      	3.22      
3R:20400000..20500000      	3.22      	3.22      	3.22      
3R:20500000..20600000      	3.22      	3.22      	3.22      
3R:20600000..20700000      	3.22      	3.22      	3.22      
3R:20700000..20800000      	3.22      	3.22      	3.22      
3R:20800000..20900000      	3.22      	3.21      	3.21      
3R:20900000..21000000      	3.21      	3.21      	3.21      
3R:21000000..21100000      	3.21      	3.21      	3.21      
3R:21100000..21200000      	3.21      	3.21      	3.20      
3R:21200000..21300000      	3.20      	3.20      	3.20      
3R:21300000..21400000      	3.20      	3.20      	3.20      
3R:21400000..21500000      	3.20      	3.20      	3.19      
3R:21500000..21600000      	3.19      	3.19      	3.19      
3R:21600000..21700000      	3.19      	3.19      	3.19      
3R:21700000..21800000      	3.19      	3.18      	3.18      
3R:21800000..21900000      	3.18      	3.18      	3.18      
3R:21900000..22000000      	3.18      	3.17      	3.17      
3R:22000000..22100000      	3.17      	3.17      	3.17      
3R:22100000..22200000      	3.17      	3.16      	3.16      
3R:22200000..22300000      	3.16      	3.16      	3.15      
3R:22300000..22400000      	3.15      	3.15      	3.15      
3R:22400000..22500000      	3.15      	3.15      	3.14      
3R:22500000..22600000      	3.14      	3.14      	3.14      
3R:22600000..22700000      	3.14      	3.13      	3.13      
3R:22700000..22800000      	3.13      	3.13      	3.12      
3R:22800000..22900000      	3.12      	3.12      	3.11      
3R:22900000..23000000      	3.11      	3.11      	3.11      
3R:23000000..23100000      	3.11      	3.10      	3.10      
3R:23100000..23200000      	3.10      	3.09      	3.09      
3R:23200000..23300000      	3.09      	3.09      	3.08      
3R:23300000..23400000      	3.08      	3.08      	3.07      
3R:23400000..23500000      	3.07      	3.07      	3.06      
3R:23500000..23600000      	3.06      	3.06      	3.06      
3R:23600000..23700000      	3.06      	3.05      	3.05      
3R:23700000..23800000      	3.05      	3.04      	3.04      
3R:23800000..23900000      	3.04      	3.03      	3.03      
3R:23900000..24000000      	3.03      	3.02      	3.02      
3R:24000000..24100000      	3.02      	3.01      	3.01      
3R:24100000..24200000      	3.01      	3.00      	3.00      
3R:24200000..24300000      	3.00      	2.99      	2.99      
3R:24300000..24400000      	2.99      	2.98      	2.97      
3R:24400000..24500000      	2.97      	2.97      	2.96      
3R:24500000..24600000      	2.96      	2.96      	2.95      
3R:24600000..24700000      	2.95      	2.95      	2.94      
3R:24700000..24800000      	2.94      	2.93      	2.93      
3R:24800000..24900000      	2.93      	2.92      	2.91      
3R:24900000..25000000      	2.91      	2.91      	2.90      
3R:25000000..25100000      	2.90      	2.90      	2.89      
3R:25100000..25200000      	2.89      	2.88      	2.88      
3R:25200000..25300000      	2.88      	2.87      	2.86      
3R:25300000..25400000      	2.86      	2.86      	2.85      
3R:25400000..25500000      	2.85      	2.84      	2.84      
3R:25500000..25600000      	2.84      	2.83      	2.82      
3R:25600000..25700000      	2.82      	2.81      	2.81      
3R:25700000..25800000      	2.81      	0.00      	0.00      
3R:25800000..25900000      	0.00      	0.00      	0.00      
3R:25900000..26000000      	0.00      	0.00      	0.00      
3R:26000000..26100000      	0.00      	0.00      	0.00      
3R:26100000..26200000      	0.00      	0.00      	0.00      
3R:26200000..26300000      	0.00      	0.00      	0.00      
3R:26300000..26400000      	0.00      	0.00      	0.00      
3R:26400000..26500000      	0.00      	0.00      	0.00      
3R:26500000..26600000      	0.00      	0.00      	0.00      
3R:26600000..26700000      	0.00      	0.00      	0.00      
3R:26700000..26800000      	0.00      	0.00      	0.00      
3R:26800000..26900000      	0.00      	0.00      	0.00      
3R:26900000..27000000      	0.00      	0.00      	0.00      
3R:27000000..27100000      	0.00      	0.00      	0.00      
3R:27100000..27200000      	0.00      	0.00      	0.00      
3R:27200000..27300000      	0.00      	0.00      	0.00      
3R:27300000..27400000      	0.00      	0.00      	0.00      
3R:27400000..27500000      	0.00      	0.00      	0.00      
3R:27500000..27600000      	0.00      	0.00      	0.00      
3R:27600000..27700000      	0.00      	0.00      	0.00      
3R:27700000..27800000      	0.00      	0.00      	0.00      
3R:27800000..27900000      	0.00      	0.00      	0.00      
4:0..100000      	0.00      	0.00      	0.00      
4:100000..200000      	0.00      	0.00      	0.00      
4:200000..300000      	0.00      	0.00      	0.00      
4:300000..400000      	0.00      	0.00      	0.00      
4:400000..500000      	0.00      	0.00      	0.00      
4:500000..600000      	0.00      	0.00      	0.00      
4:600000..700000      	0.00      	0.00      	0.00      
4:700000..800000      	0.00      	0.00      	0.00      
4:800000..900000      	0.00      	0.00      	0.00      
4:900000..1000000      	0.00      	0.00      	0.00      
4:1000000..1100000      	0.00      	0.00      	0.00      
4:1100000..1200000      	0.00      	0.00      	0.00      
4:1200000..1300000      	0.00      	0.00      	0.00      
X:0..100000      	0.00      	0.00      	0.00      
X:100000..200000      	0.00      	0.00      	0.00      
X:200000..300000      	0.00      	0.00      	0.00      
X:300000..400000      	0.00      	0.00      	0.00      
X:400000..500000      	0.00      	0.00      	0.00      
X:500000..600000      	0.00      	0.00      	0.00      
X:600000..700000      	0.00      	0.00      	0.00      
X:700000..800000      	0.00      	0.00      	0.00      
X:800000..900000      	0.00      	0.00      	0.00      
X:900000..1000000      	0.00      	0.00      	0.00      
X:1000000..1100000      	0.00      	0.00      	0.00      
X:1100000..1200000      	0.00      	0.00      	0.00      
X:1200000..1300000      	0.00      	0.00      	0.00      
X:1300000..1400000      	0.00      	0.00      	0.00      
X:1400000..1500000      	0.00      	0.00      	0.00      
X:1500000..1600000      	0.00      	2.00      	2.02      
X:1600000..1700000      	2.02      	2.05      	2.07      
X:1700000..1800000      	2.07      	2.10      	2.12      
X:1800000..1900000      	2.12      	2.15      	2.17      
X:1900000..2000000      	2.17      	2.20      	2.22      
X:2000000..2100000      	2.22      	2.24      	2.27      
X:2100000..2200000      	2.27      	2.29      	2.32      
X:2200000..2300000      	2.32      	2.34      	2.36      
X:2300000..2400000      	2.36      	2.39      	2.41      
X:2400000..2500000      	2.41      	2.43      	2.46      
X:2500000..2600000      	2.46      	2.48      	2.50      
X:2600000..2700000      	2.50      	2.52      	2.55      
X:2700000..2800000      	2.55      	2.57      	2.59      
X:2800000..2900000      	2.59      	2.61      	2.63      
X:2900000..3000000      	2.63      	2.66      	2.68      
X:3000000..3100000      	2.68      	2.70      	2.72      
X:3100000..3200000      	2.72      	2.74      	2.76      
X:3200000..3300000      	2.76      	2.78      	2.80      
X:3300000..3400000      	2.80      	2.82      	2.84      
X:3400000..3500000      	2.84      	2.86      	2.88      
X:3500000..3600000      	2.88      	2.90      	2.92      
X:3600000..3700000      	2.92      	2.94      	2.96      
X:3700000..3800000      	2.96      	2.98      	3.00      
X:3800000..3900000      	3.00      	3.02      	3.04      
X:3900000..4000000      	3.04      	3.06      	3.07      
X:4000000..4100000      	3.07      	3.09      	3.11      
X:4100000..4200000      	3.11      	3.13      	3.15      
X:4200000..4300000      	3.15      	3.17      	3.18      
X:4300000..4400000      	3.18      	3.20      	3.22      
X:4400000..4500000      	3.22      	3.23      	3.25      
X:4500000..4600000      	3.25      	3.27      	3.29      
X:4600000..4700000      	3.29      	3.30      	3.32      
X:4700000..4800000      	3.32      	3.33      	3.35      
X:4800000..4900000      	3.35      	3.37      	3.38      
X:4900000..5000000      	3.38      	3.40      	3.41      
X:5000000..5100000      	3.41      	3.43      	3.44      
X:5100000..5200000      	3.44      	3.46      	3.48      
X:5200000..5300000      	3.48      	3.49      	3.50      
X:5300000..5400000      	3.50      	3.52      	3.53      
X:5400000..5500000      	3.53      	3.55      	3.56      
X:5500000..5600000      	3.56      	3.58      	3.59      
X:5600000..5700000      	3.59      	3.60      	3.62      
X:5700000..5800000      	3.62      	3.63      	3.64      
X:5800000..5900000      	3.64      	3.66      	3.67      
X:5900000..6000000      	3.67      	3.68      	3.70      
X:6000000..6100000      	3.70      	3.71      	3.72      
X:6100000..6200000      	3.72      	3.73      	3.74      
X:6200000..6300000      	3.74      	3.76      	3.77      
X:6300000..6400000      	3.77      	3.78      	3.79      
X:6400000..6500000      	3.79      	3.80      	3.81      
X:6500000..6600000      	3.81      	3.82      	3.84      
X:6600000..6700000      	3.84      	3.85      	3.86      
X:6700000..6800000      	3.86      	3.87      	3.88      
X:6800000..6900000      	3.88      	3.89      	3.90      
X:6900000..7000000      	3.90      	3.91      	3.92      
X:7000000..7100000      	3.92      	3.93      	3.94      
X:7100000..7200000      	3.94      	3.95      	3.95      
X:7200000..7300000      	3.95      	3.96      	3.97      
X:7300000..7400000      	3.97      	3.98      	3.99      
X:7400000..7500000      	3.99      	4.00      	4.01      
X:7500000..7600000      	4.01      	4.01      	4.02      
X:7600000..7700000      	4.02      	4.03      	4.04      
X:7700000..7800000      	4.04      	4.05      	4.05      
X:7800000..7900000      	4.05      	4.06      	4.07      
X:7900000..8000000      	4.07      	4.07      	4.08      
X:8000000..8100000      	4.08      	4.09      	4.09      
X:8100000..8200000      	4.09      	4.10      	4.11      
X:8200000..8300000      	4.11      	4.11      	4.12      
X:8300000..8400000      	4.12      	4.12      	4.13      
X:8400000..8500000      	4.13      	4.14      	4.14      
X:8500000..8600000      	4.14      	4.15      	4.15      
X:8600000..8700000      	4.15      	4.16      	4.16      
X:8700000..8800000      	4.16      	4.17      	4.17      
X:8800000..8900000      	4.17      	4.17      	4.18      
X:8900000..9000000      	4.18      	4.18      	4.19      
X:9000000..9100000      	4.19      	4.19      	4.19      
X:9100000..9200000      	4.19      	4.20      	4.20      
X:9200000..9300000      	4.20      	4.20      	4.21      
X:9300000..9400000      	4.21      	4.21      	4.21      
X:9400000..9500000      	4.21      	4.21      	4.22      
X:9500000..9600000      	4.22      	4.22      	4.22      
X:9600000..9700000      	4.22      	4.22      	4.23      
X:9700000..9800000      	4.23      	4.23      	4.23      
X:9800000..9900000      	4.23      	4.23      	4.23      
X:9900000..10000000      	4.23      	4.23      	4.23      
X:10000000..10100000      	4.23      	4.23      	4.23      
X:10100000..10200000      	4.23      	4.23      	4.24      
X:10200000..10300000      	4.24      	4.24      	4.24      
X:10300000..10400000      	4.24      	4.24      	4.24      
X:10400000..10500000      	4.24      	4.23      	4.23      
X:10500000..10600000      	4.23      	4.23      	4.23      
X:10600000..10700000      	4.23      	4.23      	4.23      
X:10700000..10800000      	4.23      	4.23      	4.23      
X:10800000..10900000      	4.23      	4.23      	4.22      
X:10900000..11000000      	4.22      	4.22      	4.22      
X:11000000..11100000      	4.22      	4.22      	4.22      
X:11100000..11200000      	4.22      	4.21      	4.21      
X:11200000..11300000      	4.21      	4.21      	4.21      
X:11300000..11400000      	4.21      	4.20      	4.20      
X:11400000..11500000      	4.20      	4.20      	4.19      
X:11500000..11600000      	4.19      	4.19      	4.19      
X:11600000..11700000      	4.19      	4.18      	4.18      
X:11700000..11800000      	4.18      	4.17      	4.17      
X:11800000..11900000      	4.17      	4.17      	4.16      
X:11900000..12000000      	4.16      	4.16      	4.15      
X:12000000..12100000      	4.15      	4.15      	4.14      
X:12100000..12200000      	4.14      	4.14      	4.13      
X:12200000..12300000      	4.13      	4.12      	4.12      
X:12300000..12400000      	4.12      	4.11      	4.11      
X:12400000..12500000      	4.11      	4.10      	4.09      
X:12500000..12600000      	4.09      	4.09      	4.08      
X:12600000..12700000      	4.08      	4.07      	4.07      
X:12700000..12800000      	4.07      	4.06      	4.05      
X:12800000..12900000      	4.05      	4.05      	4.04      
X:12900000..13000000      	4.04      	4.03      	4.02      
X:13000000..13100000      	4.02      	4.01      	4.01      
X:13100000..13200000      	4.01      	4.00      	3.99      
X:13200000..13300000      	3.99      	3.98      	3.97      
X:13300000..13400000      	3.97      	3.96      	3.95      
X:13400000..13500000      	3.95      	3.94      	3.94      
X:13500000..13600000      	3.94      	3.93      	3.92      
X:13600000..13700000      	3.92      	3.91      	3.90      
X:13700000..13800000      	3.90      	3.89      	3.88      
X:13800000..13900000      	3.88      	3.87      	3.86      
X:13900000..14000000      	3.86      	3.85      	3.83      
X:14000000..14100000      	3.83      	3.82      	3.81      
X:14100000..14200000      	3.81      	3.80      	3.79      
X:14200000..14300000      	3.79      	3.78      	3.77      
X:14300000..14400000      	3.77      	3.76      	3.74      
X:14400000..14500000      	3.74      	3.73      	3.72      
X:14500000..14600000      	3.72      	3.71      	3.69      
X:14600000..14700000      	3.69      	3.68      	3.67      
X:14700000..14800000      	3.67      	3.66      	3.64      
X:14800000..14900000      	3.64      	3.63      	3.62      
X:14900000..15000000      	3.62      	3.60      	3.59      
X:15000000..15100000      	3.59      	3.57      	3.56      
X:15100000..15200000      	3.56      	3.55      	3.53      
X:15200000..15300000      	3.53      	3.52      	3.50      
X:15300000..15400000      	3.50      	3.49      	3.47      
X:15400000..15500000      	3.47      	3.46      	3.44      
X:15500000..15600000      	3.44      	3.43      	3.41      
X:15600000..15700000      	3.41      	3.40      	3.38      
X:15700000..15800000      	3.38      	3.37      	3.35      
X:15800000..15900000      	3.35      	3.33      	3.32      
X:15900000..16000000      	3.32      	3.30      	3.28      
X:16000000..16100000      	3.28      	3.27      	3.25      
X:16100000..16200000      	3.25      	3.23      	3.22      
X:16200000..16300000      	3.22      	3.20      	3.18      
X:16300000..16400000      	3.18      	3.16      	3.15      
X:16400000..16500000      	3.15      	3.13      	3.11      
X:16500000..16600000      	3.11      	3.09      	3.07      
X:16600000..16700000      	3.07      	3.06      	3.04      
X:16700000..16800000      	3.04      	3.02      	3.00      
X:16800000..16900000      	3.00      	2.98      	2.96      
X:16900000..17000000      	2.96      	2.94      	2.92      
X:17000000..17100000      	2.92      	2.90      	2.88      
X:17100000..17200000      	2.88      	2.86      	2.84      
X:17200000..17300000      	2.84      	2.82      	2.80      
X:17300000..17400000      	2.80      	2.78      	2.76      
X:17400000..17500000      	2.76      	2.74      	2.72      
X:17500000..17600000      	2.72      	2.70      	2.68      
X:17600000..17700000      	2.68      	2.65      	2.63      
X:17700000..17800000      	2.63      	2.61      	2.59      
X:17800000..17900000      	2.59      	2.57      	2.54      
X:17900000..18000000      	2.54      	2.52      	2.50      
X:18000000..18100000      	2.50      	2.48      	2.45      
X:18100000..18200000      	2.45      	2.43      	2.41      
X:18200000..18300000      	2.41      	2.39      	2.36      
X:18300000..18400000      	2.36      	2.34      	2.32      
X:18400000..18500000      	2.32      	2.29      	2.27      
X:18500000..18600000      	2.27      	2.24      	2.22      
X:18600000..18700000      	2.22      	2.19      	2.17      
X:18700000..18800000      	2.17      	2.15      	2.12      
X:18800000..18900000      	2.12      	2.10      	2.07      
X:18900000..19000000      	2.07      	2.05      	2.02      
X:19000000..19100000      	2.02      	1.99      	1.97      
X:19100000..19200000      	1.97      	1.94      	1.92      
X:19200000..19300000      	1.92      	1.89      	1.86      
X:19300000..19400000      	1.86      	1.84      	1.81      
X:19400000..19500000      	1.81      	1.79      	1.76      
X:19500000..19600000      	1.76      	1.73      	1.70      
X:19600000..19700000      	1.70      	1.68      	1.65      
X:19700000..19800000      	1.65      	1.62      	1.59      
X:19800000..19900000      	1.59      	1.57      	1.54      
X:19900000..20000000      	1.54      	1.51      	1.48      
X:20000000..20100000      	1.48      	1.45      	1.42      
X:20100000..20200000      	1.42      	1.40      	1.37      
X:20200000..20300000      	1.37      	1.34      	1.31      
X:20300000..20400000      	1.31      	1.28      	1.25      
X:20400000..20500000      	1.25      	1.22      	1.19      
X:20500000..20600000      	1.19      	1.16      	1.13      
X:20600000..20700000      	1.13      	1.10      	1.07      
X:20700000..20800000      	1.07      	1.04      	1.01      
X:20800000..20900000      	1.01      	0.98      	0.95      
X:20900000..21000000      	0.95      	0.92      	0.88      
X:21000000..21100000      	0.88      	0.85      	0.82      
X:21100000..21200000      	0.82      	0.79      	0.76      
X:21200000..21300000      	0.76      	0.73      	0.69      
X:21300000..21400000      	0.69      	0.66      	0.63      
X:21400000..21500000      	0.63      	0.60      	0.56      
X:21500000..21600000      	0.56      	0.53      	0.50      
X:21600000..21700000      	0.50      	0.47      	0.43      
X:21700000..21800000      	0.43      	0.40      	0.36      
X:21800000..21900000      	0.36      	0.33      	0.30      
X:21900000..22000000      	0.30      	0.26      	0.23      
X:22000000..22100000      	0.23      	0.19      	0.16      
X:22100000..22200000      	0.16      	0.13      	0.09      
X:22200000..22300000      	0.09      	0.06      	0.02      
X:22300000..22400000      	0.02      	0.00      	0.00      
X:22400000..22422827      	0.00      	0.00      	0.00      
